8.781540778805040429e-03
8.169391180524016027e-02
-2.461047564263710019e-01
-2.506077056724059227e-01
1.417667217758294684e-01
-1.313598129335727394e-02
6.713667676413969110e-01
-1.427016074852725247e-01
2.755593287824472104e-01
-1.680712495833395353e-02
5.693229768905416766e-02
-2.034472484388296643e-01
5.715736058168621736e-02
2.258065873696894765e-02
1.961566508094891581e-01
-3.730731734260733855e-04
4.521584133349339642e-04
2.432373614346268753e-01
5.480751135064879272e-04
1.423610925160858796e-03
5.392654102777091896e-02
5.983105825646224197e-04
-4.472868358225780272e-02
-9.383059471784641059e-02
7.590160237007732846e-02
-7.351947645644531237e-02
-7.332409399028888553e-02
-1.838441897194902086e-01
-5.896883617262227428e-02
-9.713666640307695721e-02
-3.235226994796762401e-02
3.574797700667840111e-02
3.310463507946854317e-02
7.426631586407878363e-03
3.002723680767698834e-03
1.571514699560163375e-01
-6.640645988197278748e-02
-2.425735617172902481e-01
-6.236320977471020155e-02
2.396191043229566400e-03
-1.304446015544135154e-02
1.953556142166165688e-02
5.521798504205514824e-02
2.677496431329313697e-01
-1.383140087666340744e-02
-3.274760215471675395e-02
-3.584263452588294825e-03
-1.932648750217041619e-02
-6.317717924998891843e-02
-1.862765373775743813e-03
-7.169724462007540447e-03
-2.147351535532488181e-03
-1.831914207999269656e-02
-4.398330928837576592e-02
-2.912370526862134712e-01
5.126219844124547259e-02
4.650040532546766830e-02
-3.914609066926727499e-02
1.316379703526638842e-02
-1.068965633416791711e-01
1.231786855986675804e-02
