-4.340241031654357357e+03
4.609716965019362844e-02
-2.421466076104005771e-01
-2.482028248043395002e-01
1.229567188746733958e-01
-1.453973074726097366e+04
4.932705898193269489e-02
1.233991988639771762e+03
2.752118648239422205e-01
-1.466251656052252987e-02
-2.947920806339441242e+02
-1.961372181868846210e-01
5.449884756329905627e-02
2.048197240472801786e+04
5.731040650553889293e+01
-5.139043591342566534e-04
4.314863555844093788e-04
5.646713591010225741e+01
7.612354165471471156e-04
1.746352530455569721e-03
4.967282036643880933e-02
8.397627431599021886e-04
-4.020543169488678681e-02
3.061310644113541639e+04
2.438114627079742025e+00
-1.594150238290691232e+04
-1.869575598041400326e+02
4.896564273552088120e-01
-2.174031792321656394e+04
1.245974485968215049e+03
2.496776867400869833e+02
1.712369094161374575e-02
3.257556472671081782e-02
7.836411765629424167e-03
1.895056923613960267e-03
4.636803532515646111e+03
-1.219932731827573676e-02
-3.992472529548307989e+02
-5.862615412557018596e-02
1.845813270787695186e-03
-1.356055362591087818e-02
1.868716687549966740e-02
5.322525814171659431e-02
-6.494674828769537271e+03
-1.372073209720989576e-02
-3.436962421994748523e-02
-2.048249379182302994e-03
-1.879466007400902583e-02
-5.807330495777128510e-02
-5.322125323677409344e-04
-5.534415532200282969e-03
-1.009433707562983366e-03
-1.888643463061888753e-02
-9.837490338859544863e+03
-1.088404620215070562e+00
9.769265415340498294e+03
1.147704879423158673e+02
5.302677485676039054e-02
6.950144685582140482e+03
-3.985227230403758654e+02
1.693391464905139379e-02
