-4.029437597380668978e-01
1.085016186493063806e-01
-4.020426891188461777e-02
-2.713926452437905312e-01
3.903229950244582191e-01
-7.914520022967878043e-01
-1.408941751403894882e-01
-8.373719966822681382e-01
3.945006087358372548e-01
-4.415785775171261057e-02
9.615077025601261040e-02
-2.903517678884360853e-01
1.643130490516549747e-01
1.205508276840941279e-01
1.519394470609957970e-01
4.386166085313095500e-03
-8.405181768145677124e-04
3.181464814680628472e-01
3.907083476026761149e-02
8.445114570957871353e-03
-1.716020008423057852e-01
3.437234724846595368e-02
-3.196051916021892536e-01
1.721152608281234508e-01
1.361918874321975869e-03
-5.400154169187763864e-02
-2.416002461053020495e-02
1.344321286850982955e-01
2.459322590781473639e-02
-3.385497547862412453e-03
2.263593260797923043e-02
-5.176990296661043017e-02
-1.303360166467392063e-02
4.736401361544492067e-02
4.982833688173466877e-03
-2.305865518824733729e-01
9.132955919348541632e-03
-1.226641850798099349e-02
-1.323480758386807454e-01
2.733104362534747797e-02
3.280922513513543498e-02
7.432209675838345742e-02
5.331247155518591824e-02
6.693931425313215389e-02
-3.466542086847598098e-02
-3.780154475366383909e-02
5.893514846843806755e-03
-9.394204450285147112e-02
-3.997482970905812116e-02
3.907585529040203016e-03
1.925107859552924183e-02
-1.407984068421692936e-02
2.421989569937875453e-02
-2.319928216910243368e-01
-1.344718716520971200e-03
3.652979940512864898e-01
-2.273722946930092220e-02
-8.922491129332384488e-03
5.347853531317071640e-01
2.208584901476794843e-02
-4.062341997067760169e-02
