-3.153869226154769057e-01
1.932754156527634049e-01
-2.954105439191443416e-01
-2.972280750156255924e-01
6.413723020007541797e-02
7.761529925353125026e-02
-1.478890625401461656e-01
-1.032089225182984266e-01
2.086345311587194384e-01
-2.165033375871254148e-02
5.679956878193052200e-02
-6.020962184075474843e-02
-1.130975889218576030e-01
1.163916212380230186e-01
3.449674008070074405e-01
3.310171897656277642e-03
2.986422069417410483e-03
1.325865389528774752e-01
1.828561065720022989e-03
6.124318800158607030e-03
-1.948213680513396009e-02
6.681139946094015632e-03
-2.238203793296717967e-02
-1.169614797590725619e-01
1.126193769171262293e-01
-2.567481584542330268e-03
-6.468753044989620365e-03
9.155403984540980145e-02
-7.581587335277132321e-03
8.382136894737581218e-04
-4.131305758395506511e-02
-8.532540752951284224e-01
1.993942189494540482e-02
-3.655302957755325599e-02
1.274876999278228562e-01
1.128905464478176801e-01
4.389063973284639819e-01
-5.772894291352339419e-02
2.000925717909330173e-02
2.254950082662683652e-01
2.283053744126787785e-02
1.878036322542561143e-01
-2.562736862318608366e-02
9.139374697610230455e-03
-5.775383309363155693e-01
1.940387189960851924e-02
-1.047395683063578192e-02
-2.242938726015967499e-01
-5.407399945242370026e-02
-9.909054594980312453e-04
8.058010290286878041e-02
-4.996270041080495480e-03
-1.748319606093415579e-01
-1.284750074067298742e-01
-1.695620971066107707e-01
1.579877386169469267e-01
2.448227770930721039e-02
-9.436491279118265629e-02
1.871373431599532289e-01
-3.471477069529375209e-02
-1.909355029216267541e-01
1.070174893337244137e+00
8.332923608313367314e-01
5.841482183859533217e-01
-5.568574883778280027e-01
-2.562180146753469390e-01
-7.450657556172810558e-01
1.397834477662060438e-03
-1.110386104218093347e-04
-1.580136827424669654e-01
4.064061108794641414e-02
-3.562052929194435280e-01
1.637688062988351401e-01
-8.223724553806202597e-02
8.126099010149891999e-01
-3.033097949495728099e-02
-1.374906004574273297e-02
3.826582562430410062e-01
-5.760175506020257137e-03
-3.845615067801354519e-03
-1.997591161381674363e-01
-2.337304153935560597e-02
2.887445154608420661e-01
-3.066475926631574006e-02
2.244742047338849633e-01
-1.098159146719246762e-02
4.984893267145955320e-03
1.046834027282535634e-01
2.016745746164268910e-02
-9.001771194748829467e-04
2.298371590036693002e-01
4.493706491766490396e-01
-1.344717020396123175e+00
-7.805747372233390324e-01
-1.980678100418439835e-02
-1.215595340174956823e-01
4.342184078280797999e-01
5.716958305426154963e-02
-2.841084328385804492e-01
-4.665619501236835213e-03
-6.574888839169906740e-02
2.010236142941609905e-01
1.289810369942471363e-02
4.536849769929644088e-02
-4.435554668727720307e-01
-1.363473501414545763e-01
1.170877835270380148e-02
-2.505259088000186263e-01
-2.186462241511467897e-02
1.014367096116537866e-02
2.117128171843394788e-02
2.194010280927900791e-02
-1.435702743573528950e-01
-1.034139061980203153e-02
-1.498670143968661994e-01
4.312865239867625516e-02
-2.140395420825858680e-02
-5.299836370759843790e-02
-7.044943156093343151e-02
4.946846340162548011e-02
-7.822751910883564419e-02
-1.080739754746812276e+00
6.148782848900571918e-02
-1.495452700517408973e-01
2.887655584953375404e-02
3.297297957217688036e-01
1.862338911407840358e-01
6.545628722749115280e-02
1.752890559805654613e-01
2.375384035878657513e-02
-2.013979909020837886e-02
1.129570965617150979e-01
1.270334326487337906e-01
6.203441183833604015e-04
-2.760465439356983297e-01
4.424173421782835042e-02
3.007578339125201866e-02
-6.880709031938596343e-02
4.008878901712149508e-04
-6.112487252822981082e-03
3.131283179584214149e-02
1.648502728658803387e-02
-9.674799903026203018e-02
1.146161309332839780e-02
7.277652575251101000e-03
1.940679154209282858e-02
1.508827555470044525e-02
-2.946564370734450905e-02
-1.371506667928084310e-02
6.374196318863789047e-03
-6.512932881453660505e-02
-4.273508422942411400e-01
4.727211896156583437e-01
3.038094746038104699e-01
3.020199813571945030e-02
-2.835973899115292254e-02
-7.937036010842576927e-02
-7.395144686455989991e-02
5.128062994867929048e-01
2.801569905183329962e-02
3.180456018428089865e-02
-2.706881223866150488e-02
2.234045209490169090e-02
-2.356883136169767370e-02
8.297992422666126966e-02
5.632064380541470378e-02
5.251577369354155228e-03
4.368602731194797667e-02
1.238611652711243266e-02
-1.747471939473550610e-03
2.983334395537249814e-02
6.689054955673428247e-04
2.614736499729547470e-02
1.773275783125074015e-02
2.863055857798849774e-02
-9.786661015976598488e-02
-1.012470645319186145e-02
4.250477986885643419e-03
-2.171706516500539544e-02
-8.953673350838105630e-03
1.819098688019043716e-02
2.252365680359803002e-01
3.279248447251223442e-01
3.114816912418388317e-01
2.922991617922607657e-02
4.493193770199969267e-02
-1.616335188753907914e-01
-3.637540857739694766e-02
-2.027038111903244344e-01
2.865073124238472560e-02
3.299532206922193428e-02
-6.659594633748674997e-02
4.800193958425749696e-03
3.095815703939246502e-02
2.099964334838805013e-01
-3.794828597100222980e-04
-3.244299185462766466e-02
5.863825901498685017e-02
2.417624501601177422e-02
1.773934176860976486e-02
2.907410753878587190e-02
3.091760894641128882e-02
5.458292434632645851e-02
2.294254768855735760e-02
1.451520215904380726e-02
4.690967251938783951e-03
-1.361402181475740956e-02
1.657307249536027136e-02
-5.225503977363546264e-03
-2.513883221638224877e-02
4.968712656760240071e-02
4.620685642914437175e-01
5.262697966231528329e-02
1.380761919519384318e-01
2.888043011581883229e-02
-7.445807338757300109e-02
-1.009585611262720090e-01
4.296432291648546314e-02
-2.411827414136059056e-01
2.874839907810452025e-02
1.261470107197795731e-02
-4.003116718138043095e-02
4.368195436518101243e-02
-1.339402498214138301e-02
1.515343190629670489e-01
9.313482102547956942e-02
-1.269297649052929765e-02
2.932987328436964872e-02
2.263955558352506378e-02
-1.834845208963936658e-02
2.884712902650201846e-02
-3.021329176603052002e-02
3.293647237190305832e-02
2.460834367227204486e-02
1.996309406107072380e-03
-9.174118960168467507e-03
1.353486279393201598e-03
1.457092615255025335e-02
4.385486487663463329e-02
-3.592638525845046060e-02
2.900258202577164421e-02
2.518880322171345720e-01
-1.368135555418438232e-01
-6.510406619258042593e-02
2.879214190323631239e-02
-2.471178988090290754e-02
1.179201980294126637e-02
-1.324167393111263212e-02
-1.830278881713624795e-01
2.876393661036481808e-02
-8.022459600462866075e-03
2.629919051075185841e-03
-1.707521326480821167e-01
-6.343650421519628170e-04
6.814610709846912612e-03
-1.748849843429892831e-02
1.399235850048158314e-02
-5.710703353239417017e-03
-2.114989423567020799e-02
-1.199274808584485826e-02
2.878710205548695722e-02
-3.045105213742992437e-02
3.391940554561359913e-03
2.590143195462314002e-02
-2.956948901373426461e-03
-1.044552293831982163e-02
6.958102146729474354e-04
8.550246408803760870e-03
7.474316216153829157e-03
1.899292778120884734e-02
-1.561939592151765331e-02
-2.875035154668214021e-01
-1.809839586651366961e-01
-2.427507431728198051e-01
2.877235461902731550e-02
-1.174587609593546154e-02
1.188586291498566899e-01
2.041743474639505593e-03
2.145789085242829075e-01
2.876647589898011920e-02
-2.140161857618188765e-02
3.124446605287529988e-02
-1.721851771391108218e-02
9.511338548904355386e-03
-1.602349511940232285e-01
-6.563969770145268445e-02
4.703512957438917182e-03
-3.006416018948098595e-02
-1.392878502040614808e-02
1.305095980839345547e-02
2.877194093262135099e-02
1.304588360161171648e-02
-1.691811631615887379e-02
2.633664315546168852e-02
-3.187862954375560425e-03
3.774258370851963501e-02
1.008470163309372475e-02
4.019926064766265322e-03
-1.543445984540425461e-02
2.441779435729741002e-02
-6.224004758107533342e-02
